Chytrid	Treatment	Conc	0	1	3	5	7	slope	s-neg	Growth	Keep
Bd_JEL423	Bti	90	0.015	0.021	0.018	0.004	0.057	0.003841463	0.006772358	0.051937525	N
Bd_JEL423	Bti	90	0.017	0.019	0.02	0.003	0.057	0.003713415	0.006644309	0.050955513	N
Bd_JEL423	Bti	90	0.01	0.013	0.013	0.002	0.057	0.004786585	0.00771748	0.059185709	N
Bd_JEL423	Bti	80	0.016	0.018	0.019	0.006	0.057	0.00404878	0.006979675	0.05352745	N
Bd_JEL423	Bti	80	0.021	0.024	0.022	0.004	0.055	0.00279878	0.005729675	0.043941142	N
Bd_JEL423	Bti	80	0.016	0.021	0.023	0.001	0.057	0.00354878	0.006479675	0.049692926	N
Bd_JEL423	Bti	70	0.042	0.75	0.694	1.344	1.002	0.131207317	0.134138211	1.028712161	N
Bd_JEL423	Bti	70	0.052	0.099	0.208	0.744	0.156	0.045920732	0.048851626	0.374645385	N
Bd_JEL423	Bti	70	0.344	0.216	0.259	0.819	0.279	0.027640244	0.030571138	0.234451476	N
Bd_JEL423	Bti	60	0.023	0.024	0.021	-0.001	0.059	0.00279878	0.005729675	0.043941142	N
Bd_JEL423	Bti	60	0.017	0.015	0.016	0.008	0.059	0.004512195	0.007443089	0.057081398	N
Bd_JEL423	Bti	60	0.017	0.018	0.021	0.009	0.057	0.004103659	0.007034553	0.053948312	N
Bd_JEL423	Bti	50	0.012	0.029	0.017	0.004	0.055	0.003371951	0.006302846	0.048336815	N
Bd_JEL423	Bti	50	0.012	0.015	0.016	0.007	0.063	0.005408537	0.008339431	0.063955482	N
Bd_JEL423	Bti	50	0.019	0.02	0.028	0.004	0.056	0.003341463	0.006272358	0.048103002	N
Bd_JEL423	Bti	40	0.015	0.019	0.017	0.003	0.057	0.003926829	0.006857724	0.0525922	N
Bd_JEL423	Bti	40	0.026	0.03	0.03	0.001	0.06	0.00227439	0.005205285	0.039919569	N
Bd_JEL423	Bti	40	0.02	0.02	0.021	0	0.057	0.003182927	0.006113821	0.046887178	N
Bd_JEL423	Bti	30	0.263	0.034	0.023	0.007	0.183	-0.006493902	-0.003563008	-0.027324875	N
Bd_JEL423	Bti	30	0.015	0.017	0.019	0.002	0.057	0.003993902	0.006924797	0.053106587	N
Bd_JEL423	Bti	30	0.02	0.021	0.026	0	0.058	0.00320122	0.006132114	0.047027465	N
Bsal	POS	POS	0.107	0.344	0.242	0.336		0.029474576	0.00967272	0.200757163	N
Bsal	POS	POS	0.06	0.333	0.179	0.286		0.025050847	0.005248991	0.108942735	N
Bsal	Bti	POS	0.05	0.101	0.218	0.572		0.101542373	0.081740517	1.696523247	N
Bsal	Bti	100	0.019	0.016	0.054	0.306		0.055542373	0.035740517	0.741793908	N
Bsal	Bti	90	0.024	0.037	0.08	0.336		0.059915254	0.040113398	0.832552997	N
Bsal	Bti	90	0.042	0.07	0.132	0.437		0.075847458	0.056045601	1.16322565	N
Bsal	Bti	80	0.025	0.099	0.21			0.060785714	0.040983858	0.850619383	N
Bsal	Bti	70	0.023	0.073	0.369	0.478		0.098186441	0.078384584	1.626870922	N
Bsal	Bti	60	0.017	0.026	0.051	0.425		0.077033898	0.057232042	1.187850209	N
Bsal	Bti	60	0.022	0.03	0.058	0.184		0.031355932	0.011554076	0.239804679	N
Bsal	Bti	50	0.051	0.018	0.096	0.481		0.085254237	0.065452381	1.358463226	N
Bsal	Bti	30	0.026	0.109	0.16	0.601		0.106983051	0.087181195	1.80944444	N
Bd_JEL423	POS	POS	0.091	0.197	0.237	0.216	0.893	0.09177439	0.094705285	0.726299218	Y
Bd_JEL423	POS	POS	0.042	0.468	0.592	1.001	1.231	0.15845122	0.161382114	1.237646912	Y
Bd_JEL423	POS	POS	0.039	0.282	0.53	0.293	1.226	0.132164634	0.135095528	1.03605387	Y
Bd_JEL423	NEG	NEG	0.095	0.068	0.133	0.067	0.12	0.002939024	0.005869919	0.045016679	Y
Bd_JEL423	NEG	NEG	0.17	0.08	0.114	0.064	0.129	-0.004189024	-0.00125813	-0.009648658	Y
Bd_JEL423	NEG	NEG	0.165	0.07	0.089	0.055	0.093	-0.007542683	-0.004611789	-0.035368021	Y
Bd_JEL423	Bti	100	0.027	0.454	0.131	0.539		0.064559322	0.067490216	0.517585598	Y
Bd_JEL423	Bti	100	0.044	0.126	0.173	0.177	0.412	0.043646341	0.046577236	0.35720298	Y
Bd_JEL423	Bti	100	0.032	0.055	0.27	0.442	0.296	0.050091463	0.053022358	0.406630919	Y
Bd_JEL423	Bti	100	0.056	0.201	0.234	0.263	0.424	0.043182927	0.046113821	0.353649032	Y
Bd_JEL423	Bti	100	0.06	0.172	0.364	0.505	0.552	0.072054878	0.074985772	0.575069364	Y
Bd_JEL423	Bti	100	0.099	0.214	0.225	0.717	0.247	0.042579268	0.045510163	0.349019547	Y
Bd_JEL423	Bti	90	0.047	0.075	0.199	0.118	0.146	0.012560976	0.01549187	0.118807869	Y
Bd_JEL423	Bti	90	0.054	0.079	0.106	0.234	0.212	0.026189024	0.029119919	0.223322006	Y
Bd_JEL423	Bti	90	0.089	0.098	0.181	0.241	0.472	0.05154878	0.054479675	0.417807152	Y
Bd_JEL423	Bti	80	0.036	0.054	0.082	0.183	0.216	0.027432927	0.030363821	0.232861552	Y
Bd_JEL423	Bti	80	0.027	0.25	0.137	0.399	0.689	0.081481707	0.084412602	0.647364155	Y
Bd_JEL423	Bti	80	0.026	0.161	0.408	0.254	0.406	0.045152439	0.048083333	0.368753312	Y
Bd_JEL423	Bti	70	0.044	0.084	0.121	0.414	0.439	0.062914634	0.065845528	0.50497241	Y
Bd_JEL423	Bti	70	0.049	0.089	0.292	0.253	0.362	0.043292683	0.046223577	0.354490757	Y
Bd_JEL423	Bti	70	0.056	0.165	0.172	0.134	0.51	0.048859756	0.05179065	0.397184899	Y
Bd_JEL423	Bti	60	0.074	0.097				0.023	0.025930894	0.198865231	Y
Bd_JEL423	Bti	60	0.061	0.215	0.33	0.485	0.389	0.04929878	0.052229675	0.400551797	Y
Bd_JEL423	Bti	60	0.045	0.205	0.435	0.904	0.221	0.054420732	0.057351626	0.439832279	Y
Bd_JEL423	Bti	50	0.046	0.097	0.16	0.443	0.226	0.03852439	0.041455285	0.317922499	Y
Bd_JEL423	Bti	50	0.264	0.212	0.203	0.158	0.43	0.01727439	0.020205285	0.154955264	Y
Bd_JEL423	Bti	50	0.114	0.058	0.167	0.358	0.403	0.050304878	0.053235772	0.408267606	Y
Bd_JEL423	Bti	40	0.063	0.057	2.411	2.512	1.614	0.300170732	0.303101626	2.32450042	N
Bd_JEL423	Bti	40	0.054	0.148	1.77	2.7	1.755	0.325506098	0.328436992	2.518798515	N
Bd_JEL423	Bti	40	0.045	0.092	0.161	0.175	0.261	0.02829878	0.031229675	0.239501824	Y
Bd_JEL423	Bti	30	0.025	0.088	0.216	0.731	0.475	0.085487805	0.088418699	0.678087103	Y
Bd_JEL423	Bti	30	0.059	0.284	0.497	0.226	0.35	0.025115854	0.028046748	0.21509181	Y
Bd_JEL423	Bti	30	0.049	0.13	0.603	0.448	0.878	0.109128049	0.112058943	0.859385229	Y
Bsal	POS	POS	0.035	0.091	0.187	0.415		0.073830508	0.054028652	1.121363899	Y
Bsal	POS	POS	0.021	0.096	0.175	0.412		0.074372881	0.054571025	1.13262084	Y
Bsal	POS	POS	0.083	0.171	0.059	0.485		0.066271186	0.04646933	0.964470279	Y
Bsal	POS	POS	0.024	0.071	0.125	0.326		0.057457627	0.037655771	0.781544982	Y
Bsal	NEG	NEG	0.015	0.03	0.062			0.015714286	-0.004087571	-0.08483747	Y
Bsal	NEG	NEG	0.088	0.297	0.194			0.022928571	0.003126715	0.064894927	Y
Bsal	NEG	NEG	0.032	0.04	0.043	0.144		0.020762712	0.000960856	0.019942543	Y
Bsal	Bti	100	0.019	0.016	0.037	0.2		0.034915254	0.015113398	0.313678356	Y
Bsal	Bti	100	0.019	0.021	0.056	0.258		0.046271186	0.02646933	0.549370566	Y
Bsal	Bti	100	0.082		0.021	0.228		0.025289474	0.005487617	0.113895419	Y
Bsal	Bti	100	0.019	0.148	0.091	0.26		0.037661017	0.017859161	0.370666622	Y
Bsal	Bti	100	0.051		0.051	0.241		0.035	0.015198144	0.315437253	Y
Bsal	Bti	90	0.019	0.024	0.059	0.277		0.049711864	0.029910008	0.620781788	Y
Bsal	Bti	90	0.039	0.048	0.082	0.182		0.028084746	0.008282889	0.171911251	Y
Bsal	Bti	90	0.017	0.049	0.09	0.224		0.03959322	0.019791364	0.410769476	Y
Bsal	Bti	90	0.044	0.067	0.089	0.2		0.029423729	0.009621872	0.199701825	Y
Bsal	Bti	80	0.015	0.025	0.137			0.042857143	0.023055287	0.478512141	Y
Bsal	Bti	80	0.017	0.024	0.123	0.154		0.030338983	0.010537127	0.218697914	Y
Bsal	Bti	80	0.021	0.035	0.052	0.238		0.040847458	0.021045601	0.436801152	Y
Bsal	Bti	80	0.021	0.045	0.067	0.247		0.042440678	0.022638822	0.469868418	Y
Bsal	Bti	80	0.02	0.023	0.042	0.223		0.038711864	0.018910008	0.392476946	Y
Bsal	Bti	70	0.021	0.05	0.094	0.27		0.047677966	0.02787611	0.578568258	Y
Bsal	Bti	70	0.027	0.038	0.063	0.272		0.046576271	0.026774415	0.555702596	Y
Bsal	Bti	70	0.025	0.033	0.068	0.312		0.055016949	0.035215093	0.730888746	Y
Bsal	Bti	70	0.033	0.049	0.145	0.355		0.064372881	0.044571025	0.925070984	Y
Bsal	Bti	70	0.042	0.13	0.178	0.283		0.044389831	0.024587974	0.510323051	Y
Bsal	Bti	60	0.013	0.014	0.435	0.194		0.055118644	0.035316788	0.732999422	Y
Bsal	Bti	60	0.024	0.017	0.047	0.34		0.060677966	0.04087611	0.848383071	Y
Bsal	Bti	60	0.028	0.058	0.108	0.305		0.053169492	0.033367635	0.692544789	Y
Bsal	Bti	60	0.034	0.057	0.087	0.271		0.044932203	0.025130347	0.521579992	Y
Bsal	Bti	50	0.019	0.095	0.149	0.264		0.045847458	0.026045601	0.540576081	Y
Bsal	Bti	50	0.026	0.067	0.134	0.313		0.055525424	0.035723567	0.741442128	Y
Bsal	Bti	50	0.019	0.037	0.067	0.25		0.043983051	0.024181195	0.501880345	Y
Bsal	Bti	50	0.042	0.063	0.103	0.249		0.039915254	0.020113398	0.417453285	Y
Bsal	Bti	50	0.027	0.124	0.125	0.398		0.065932203	0.046130347	0.95743469	Y
Bsal	Bti	40	0.017	0.044	0.093	0.376		0.068508475	0.048706618	1.010905162	Y
Bsal	Bti	40	0.026	0.04	0.11	0.262		0.047084746	0.027282889	0.566255978	Y
Bsal	Bti	40	0.03	0.073	0.364	0.365		0.07579661	0.055994754	1.162170311	Y
Bsal	Bti	40	0.024	0.127	0.211	0.414		0.073491525	0.053689669	1.114328311	Y
Bsal	Bti	40	0.026	0.067	0.084	0.321		0.054474576	0.03467272	0.719631804	Y
Bsal	Bti	40	0.034	0.149	0.191	0.477		0.080830508	0.061028652	1.266648799	Y
Bsal	Bti	30	0.019	0.094	0.162	0.454		0.082016949	0.062215093	1.291273358	Y
Bsal	Bti	30	0.014	0.022	0.043	0.313		0.056542373	0.036740517	0.762548893	Y
Bsal	Bti	30	0.024	0.037	0.075	0.325		0.057610169	0.037808313	0.784710996	Y
Bsal	Bti	30	0.021	0.042	0.277	0.311		0.065305085	0.045503228	0.944418852	Y
Bsal	Bti	30	0.066	0.056	0.191	0.402		0.069847458	0.050045601	1.038695736	Y